[gd_scene load_steps=14 format=3 uid="uid://d32gtjkub4byi"]

[ext_resource type="Material" uid="uid://b7frshhg5cqxq" path="res://PolyBlocks/EffectBlocks/source_files/materials/portal.material" id="1_b8oll"]

[sub_resource type="Curve" id="Curve_7227o"]
_data = [Vector2(0.102612, 1), 0.0, 0.0, 0, 0, Vector2(1, 0), 0.0, 0.0, 0, 0]
point_count = 2

[sub_resource type="CurveTexture" id="CurveTexture_48gr2"]
curve = SubResource("Curve_7227o")

[sub_resource type="Curve" id="Curve_cbibj"]
max_value = 5.0
_data = [Vector2(0.164179, 5), 0.0, 0.0, 0, 0, Vector2(1, 0), 0.0, 0.0, 0, 0]
point_count = 2

[sub_resource type="CurveTexture" id="CurveTexture_cdlk0"]
curve = SubResource("Curve_cbibj")

[sub_resource type="Curve" id="Curve_6h23u"]
_data = [Vector2(0, 0), 0.0, 0.0, 0, 0, Vector2(0.141791, 1), 0.0, 0.0, 0, 0, Vector2(1, 0), 0.0, 0.0, 0, 0]
point_count = 3

[sub_resource type="CurveTexture" id="CurveTexture_ada02"]
curve = SubResource("Curve_6h23u")

[sub_resource type="ParticleProcessMaterial" id="ParticleProcessMaterial_qee6a"]
lifetime_randomness = 0.4
particle_flag_align_y = true
angle_max = 180.0
velocity_pivot = Vector3(1, 1, 1)
direction = Vector3(0, 0, 1)
initial_velocity_min = 2.0
initial_velocity_max = 3.0
gravity = Vector3(0, 0, 0)
scale_min = 0.05
scale_max = 0.1
scale_curve = SubResource("CurveTexture_ada02")
color = Color(0, 0.380392, 0.92549, 1)
alpha_curve = SubResource("CurveTexture_48gr2")
emission_curve = SubResource("CurveTexture_cdlk0")

[sub_resource type="StandardMaterial3D" id="StandardMaterial3D_0isau"]
transparency = 1
shading_mode = 0
vertex_color_use_as_albedo = true

[sub_resource type="ArrayMesh" id="ArrayMesh_53upp"]
_surfaces = [{
"aabb": AABB(-0.0402224, -0.702579, -0.0464448, 0.0804447, 0.739765, 0.0696672),
"format": 34896613377,
"index_count": 18,
"index_data": PackedByteArray(2, 0, 3, 0, 1, 0, 3, 0, 4, 0, 1, 0, 4, 0, 2, 0, 1, 0, 0, 0, 2, 0, 4, 0, 0, 0, 4, 0, 3, 0, 0, 0, 3, 0, 2, 0),
"primitive": 3,
"uv_scale": Vector4(0, 0, 0, 0),
"vertex_count": 5,
"vertex_data": PackedByteArray(255, 127, 0, 0, 169, 170, 0, 0, 255, 127, 255, 255, 169, 170, 0, 0, 255, 127, 163, 235, 0, 0, 0, 0, 255, 255, 163, 235, 255, 255, 0, 0, 0, 0, 163, 235, 255, 255, 0, 0)
}]
blend_shape_mode = 0

[sub_resource type="ArrayMesh" id="ArrayMesh_0hkbl"]
resource_name = "cylinder_Cylinder"
_surfaces = [{
"aabb": AABB(-0.0402224, -0.702579, -0.0464448, 0.0804447, 0.739765, 0.0696672),
"attribute_data": PackedByteArray(169, 170, 255, 255, 84, 213, 255, 255, 255, 255, 255, 255, 169, 170, 255, 127, 84, 213, 255, 127, 255, 127, 255, 127, 255, 255, 182, 142, 255, 127, 182, 142, 84, 213, 182, 142, 169, 170, 182, 142),
"format": 34896613399,
"index_count": 18,
"index_data": PackedByteArray(6, 0, 8, 0, 4, 0, 8, 0, 9, 0, 3, 0, 9, 0, 7, 0, 5, 0, 0, 0, 7, 0, 9, 0, 1, 0, 9, 0, 8, 0, 2, 0, 8, 0, 6, 0),
"material": SubResource("StandardMaterial3D_0isau"),
"primitive": 3,
"uv_scale": Vector4(2, 1, 0, 0),
"vertex_count": 10,
"vertex_data": PackedByteArray(255, 127, 0, 0, 169, 170, 140, 226, 255, 127, 0, 0, 169, 170, 255, 191, 255, 127, 0, 0, 169, 170, 140, 226, 255, 127, 255, 255, 169, 170, 255, 191, 255, 127, 255, 255, 169, 170, 140, 226, 255, 127, 255, 255, 169, 170, 140, 226, 255, 127, 163, 235, 0, 0, 228, 253, 255, 127, 163, 235, 0, 0, 228, 253, 255, 255, 163, 235, 255, 255, 123, 176, 0, 0, 163, 235, 255, 255, 152, 172, 169, 49, 82, 227, 0, 0, 255, 127, 83, 99, 85, 78, 255, 255, 255, 127, 85, 206, 172, 28, 171, 156, 169, 177, 44, 160, 241, 19, 241, 147, 210, 223, 116, 169, 18, 1, 111, 180, 0, 222)
}]
blend_shape_mode = 0
shadow_mesh = SubResource("ArrayMesh_53upp")

[sub_resource type="ArrayMesh" id="ArrayMesh_yu6pw"]
_surfaces = [{
"aabb": AABB(-1, -1, -4.37114e-08, 2, 2.00001, 1.00874e-05),
"format": 34896613377,
"index_count": 66,
"index_data": PackedByteArray(0, 0, 2, 0, 1, 0, 2, 0, 4, 0, 3, 0, 4, 0, 6, 0, 5, 0, 6, 0, 8, 0, 7, 0, 8, 0, 10, 0, 9, 0, 10, 0, 12, 0, 11, 0, 12, 0, 14, 0, 13, 0, 14, 0, 16, 0, 15, 0, 16, 0, 18, 0, 17, 0, 18, 0, 20, 0, 19, 0, 20, 0, 22, 0, 21, 0, 22, 0, 0, 0, 23, 0, 0, 0, 4, 0, 2, 0, 4, 0, 8, 0, 6, 0, 8, 0, 12, 0, 10, 0, 12, 0, 16, 0, 14, 0, 16, 0, 20, 0, 18, 0, 20, 0, 0, 0, 22, 0, 0, 0, 8, 0, 4, 0, 8, 0, 16, 0, 12, 0, 16, 0, 0, 0, 20, 0, 8, 0, 0, 0, 16, 0),
"primitive": 3,
"uv_scale": Vector4(0, 0, 0, 0),
"vertex_count": 24,
"vertex_data": PackedByteArray(255, 127, 254, 255, 55, 2, 0, 0, 222, 94, 162, 251, 46, 2, 0, 0, 255, 63, 216, 238, 17, 2, 0, 0, 125, 37, 129, 218, 228, 1, 0, 0, 38, 17, 255, 191, 169, 1, 0, 0, 92, 4, 32, 161, 101, 1, 0, 0, 0, 0, 255, 127, 27, 1, 0, 0, 92, 4, 222, 94, 210, 0, 0, 0, 38, 17, 255, 63, 141, 0, 0, 0, 125, 37, 125, 37, 83, 0, 0, 0, 255, 63, 37, 17, 38, 0, 0, 0, 222, 94, 92, 4, 9, 0, 0, 0, 255, 127, 0, 0, 0, 0, 0, 0, 32, 161, 92, 4, 9, 0, 0, 0, 255, 191, 37, 17, 38, 0, 0, 0, 129, 218, 125, 37, 83, 0, 0, 0, 216, 238, 255, 63, 141, 0, 0, 0, 162, 251, 222, 94, 210, 0, 0, 0, 255, 255, 255, 127, 27, 1, 0, 0, 162, 251, 32, 161, 101, 1, 0, 0, 216, 238, 255, 191, 169, 1, 0, 0, 129, 218, 129, 218, 228, 1, 0, 0, 255, 191, 216, 238, 17, 2, 0, 0, 32, 161, 162, 251, 46, 2, 0, 0)
}]
blend_shape_mode = 0

[sub_resource type="ArrayMesh" id="ArrayMesh_5bw8n"]
resource_name = "Untitled_Circle_001"
_surfaces = [{
"aabb": AABB(-1, -1, -4.37114e-08, 2, 2.00001, 1.00874e-05),
"attribute_data": PackedByteArray(154, 78, 191, 8, 107, 49, 152, 25, 152, 25, 107, 49, 191, 8, 154, 78, 6, 0, 38, 111, 6, 0, 216, 144, 191, 8, 100, 177, 152, 25, 147, 206, 107, 49, 102, 230, 154, 78, 63, 247, 38, 111, 248, 255, 216, 144, 248, 255, 100, 177, 63, 247, 147, 206, 102, 230, 102, 230, 147, 206, 63, 247, 100, 177, 248, 255, 216, 144, 248, 255, 38, 111, 63, 247, 154, 78, 102, 230, 107, 49, 147, 206, 152, 25, 100, 177, 191, 8, 216, 144, 6, 0, 38, 111, 6, 0),
"format": 34896613399,
"index_count": 66,
"index_data": PackedByteArray(0, 0, 2, 0, 1, 0, 2, 0, 4, 0, 3, 0, 4, 0, 6, 0, 5, 0, 6, 0, 8, 0, 7, 0, 8, 0, 10, 0, 9, 0, 10, 0, 12, 0, 11, 0, 12, 0, 14, 0, 13, 0, 14, 0, 16, 0, 15, 0, 16, 0, 18, 0, 17, 0, 18, 0, 20, 0, 19, 0, 20, 0, 22, 0, 21, 0, 22, 0, 0, 0, 23, 0, 0, 0, 4, 0, 2, 0, 4, 0, 8, 0, 6, 0, 8, 0, 12, 0, 10, 0, 12, 0, 16, 0, 14, 0, 16, 0, 20, 0, 18, 0, 20, 0, 0, 0, 22, 0, 0, 0, 8, 0, 4, 0, 8, 0, 16, 0, 12, 0, 16, 0, 0, 0, 20, 0, 8, 0, 0, 0, 16, 0),
"material": ExtResource("1_b8oll"),
"primitive": 3,
"uv_scale": Vector4(0, 0, 0, 0),
"vertex_count": 24,
"vertex_data": PackedByteArray(255, 127, 254, 255, 55, 2, 255, 143, 222, 94, 162, 251, 46, 2, 255, 143, 255, 63, 216, 238, 17, 2, 255, 143, 125, 37, 129, 218, 228, 1, 255, 143, 38, 17, 255, 191, 169, 1, 255, 143, 92, 4, 32, 161, 101, 1, 255, 143, 0, 0, 255, 127, 27, 1, 255, 143, 92, 4, 222, 94, 210, 0, 255, 143, 38, 17, 255, 63, 141, 0, 255, 143, 125, 37, 125, 37, 83, 0, 255, 143, 255, 63, 37, 17, 38, 0, 255, 143, 222, 94, 92, 4, 9, 0, 255, 143, 255, 127, 0, 0, 0, 0, 255, 143, 32, 161, 92, 4, 9, 0, 255, 143, 255, 191, 37, 17, 38, 0, 255, 143, 129, 218, 125, 37, 83, 0, 255, 143, 216, 238, 255, 63, 141, 0, 255, 143, 162, 251, 222, 94, 210, 0, 255, 143, 255, 255, 255, 127, 27, 1, 255, 143, 162, 251, 32, 161, 101, 1, 255, 143, 216, 238, 255, 191, 169, 1, 255, 143, 129, 218, 129, 218, 228, 1, 255, 143, 255, 191, 216, 238, 17, 2, 255, 143, 32, 161, 162, 251, 46, 2, 255, 143, 255, 127, 255, 127, 255, 127, 255, 127, 255, 127, 255, 127, 255, 127, 255, 127, 255, 127, 255, 127, 255, 127, 255, 127, 255, 127, 255, 127, 255, 127, 255, 127, 255, 127, 255, 127, 255, 127, 255, 127, 255, 127, 255, 127, 255, 127, 255, 127, 255, 127, 255, 127, 255, 127, 255, 127, 255, 127, 255, 127, 255, 127, 255, 127, 255, 127, 255, 127, 255, 127, 255, 127, 255, 127, 255, 127, 255, 127, 255, 127, 255, 127, 255, 127, 255, 127, 255, 127, 255, 127, 255, 127, 255, 127, 255, 127)
}]
blend_shape_mode = 0
shadow_mesh = SubResource("ArrayMesh_yu6pw")

[node name="Portal" type="Node3D"]
transform = Transform3D(1, 0, 0, 0, -4.37114e-08, -1, 0, 1, -4.37114e-08, 0, 0, 0)

[node name="sparks" type="GPUParticles3D" parent="."]
transform = Transform3D(0.965926, 1.13133e-08, 0.258819, -1.13133e-08, 1, -1.48943e-09, -0.258819, -1.48943e-09, 0.965926, 0.8, 0, 0)
sorting_offset = -1.0
amount = 16
lifetime = 0.8
randomness = 1.0
fixed_fps = 60
process_material = SubResource("ParticleProcessMaterial_qee6a")
draw_pass_1 = SubResource("ArrayMesh_0hkbl")

[node name="sparks2" type="GPUParticles3D" parent="."]
transform = Transform3D(0.707107, 3.09086e-08, 0.707107, -3.09086e-08, 1, -1.28028e-08, -0.707107, -1.28028e-08, 0.707107, 0.6, -2.62268e-08, -0.6)
sorting_offset = -1.0
amount = 16
lifetime = 0.8
randomness = 1.0
fixed_fps = 60
process_material = SubResource("ParticleProcessMaterial_qee6a")
draw_pass_1 = SubResource("ArrayMesh_0hkbl")

[node name="sparks3" type="GPUParticles3D" parent="."]
transform = Transform3D(0, 4.37114e-08, 1, -4.37114e-08, 1, -4.37114e-08, -1, -4.37114e-08, 1.91069e-15, 0, -3.49691e-08, -0.8)
sorting_offset = -1.0
amount = 16
lifetime = 0.8
randomness = 1.0
fixed_fps = 60
process_material = SubResource("ParticleProcessMaterial_qee6a")
draw_pass_1 = SubResource("ArrayMesh_0hkbl")

[node name="sparks4" type="GPUParticles3D" parent="."]
transform = Transform3D(-0.819152, 2.50718e-08, 0.573576, -2.50718e-08, 1, -7.95177e-08, -0.573576, -7.95177e-08, -0.819152, -0.6, -2.18557e-08, -0.5)
sorting_offset = -1.0
amount = 16
lifetime = 0.8
randomness = 1.0
fixed_fps = 60
process_material = SubResource("ParticleProcessMaterial_qee6a")
draw_pass_1 = SubResource("ArrayMesh_0hkbl")

[node name="sparks5" type="GPUParticles3D" parent="."]
transform = Transform3D(-0.965926, -1.13133e-08, -0.258819, 1.13133e-08, 1, -8.59334e-08, 0.258819, -8.59333e-08, -0.965926, -0.8, 0, 0)
sorting_offset = -1.0
amount = 16
lifetime = 0.8
randomness = 1.0
fixed_fps = 60
process_material = SubResource("ParticleProcessMaterial_qee6a")
draw_pass_1 = SubResource("ArrayMesh_0hkbl")

[node name="sparks6" type="GPUParticles3D" parent="."]
transform = Transform3D(-0.573576, -3.58063e-08, -0.819152, 3.58063e-08, 1, -6.87832e-08, 0.819152, -6.87832e-08, -0.573576, -0.6, 2.62268e-08, 0.6)
sorting_offset = -1.0
amount = 16
lifetime = 0.8
randomness = 1.0
fixed_fps = 60
process_material = SubResource("ParticleProcessMaterial_qee6a")
draw_pass_1 = SubResource("ArrayMesh_0hkbl")

[node name="sparks7" type="GPUParticles3D" parent="."]
transform = Transform3D(0.34202, -4.10753e-08, -0.939693, 4.10753e-08, 1, -2.87612e-08, 0.939693, -2.87612e-08, 0.34202, 0, 3.49691e-08, 0.8)
sorting_offset = -1.0
amount = 16
lifetime = 0.8
randomness = 1.0
fixed_fps = 60
process_material = SubResource("ParticleProcessMaterial_qee6a")
draw_pass_1 = SubResource("ArrayMesh_0hkbl")

[node name="sparks8" type="GPUParticles3D" parent="."]
transform = Transform3D(0.819152, -2.50718e-08, -0.573576, 2.50718e-08, 1, -7.90511e-09, 0.573576, -7.90513e-09, 0.819152, 0.6, 2.62268e-08, 0.6)
sorting_offset = -1.0
amount = 16
lifetime = 0.8
randomness = 1.0
fixed_fps = 60
process_material = SubResource("ParticleProcessMaterial_qee6a")
draw_pass_1 = SubResource("ArrayMesh_0hkbl")

[node name="OmniLight3D" type="OmniLight3D" parent="."]
transform = Transform3D(1, 0, 0, 0, 1, 0, 0, 0, 1, 0, -0.150917, 0.5)
light_color = Color(0, 0.690196, 1, 1)
light_energy = 3.089
omni_range = 1.3

[node name="MeshInstance3D" type="MeshInstance3D" parent="."]
transform = Transform3D(-1, 7.64274e-15, 8.74228e-08, 8.74228e-08, 1.31134e-07, 1, -3.82137e-15, 1, -1.31134e-07, 0, 0, 0)
mesh = SubResource("ArrayMesh_5bw8n")
